{
 "cells": [
  {
   "cell_type": "code",
   "execution_count": 68,
   "metadata": {},
   "outputs": [],
   "source": [
    "import pandas as pd\n",
    "import numpy as np\n",
    "import seaborn as sns\n",
    "import matplotlib.pyplot as plt\n",
    "import env \n",
    "from util import get_db_url\n",
    "import acquire\n",
    "import prepare\n",
    "from pydataset import data\n",
    "\n",
    "from sklearn.model_selection import train_test_split\n",
    "from sklearn.linear_model import LogisticRegression\n",
    "from sklearn.metrics import classification_report\n",
    "from sklearn.metrics import confusion_matrix\n",
    "from sklearn.tree import DecisionTreeClassifier\n",
    "from sklearn.ensemble import RandomForestClassifier\n",
    "import graphviz"
   ]
  },
  {
   "cell_type": "markdown",
   "metadata": {},
   "source": [
    "Use Iris data set.\n",
    "\n",
    "** Use my prep_iris function to pull in my prepared iris dataset."
   ]
  },
  {
   "cell_type": "code",
   "execution_count": 2,
   "metadata": {},
   "outputs": [
    {
     "data": {
      "text/html": [
       "<div>\n",
       "<style scoped>\n",
       "    .dataframe tbody tr th:only-of-type {\n",
       "        vertical-align: middle;\n",
       "    }\n",
       "\n",
       "    .dataframe tbody tr th {\n",
       "        vertical-align: top;\n",
       "    }\n",
       "\n",
       "    .dataframe thead th {\n",
       "        text-align: right;\n",
       "    }\n",
       "</style>\n",
       "<table border=\"1\" class=\"dataframe\">\n",
       "  <thead>\n",
       "    <tr style=\"text-align: right;\">\n",
       "      <th></th>\n",
       "      <th>Sepal.Length</th>\n",
       "      <th>Sepal.Width</th>\n",
       "      <th>Petal.Length</th>\n",
       "      <th>Petal.Width</th>\n",
       "      <th>Species</th>\n",
       "    </tr>\n",
       "  </thead>\n",
       "  <tbody>\n",
       "    <tr>\n",
       "      <th>1</th>\n",
       "      <td>5.1</td>\n",
       "      <td>3.5</td>\n",
       "      <td>1.4</td>\n",
       "      <td>0.2</td>\n",
       "      <td>setosa</td>\n",
       "    </tr>\n",
       "    <tr>\n",
       "      <th>2</th>\n",
       "      <td>4.9</td>\n",
       "      <td>3.0</td>\n",
       "      <td>1.4</td>\n",
       "      <td>0.2</td>\n",
       "      <td>setosa</td>\n",
       "    </tr>\n",
       "    <tr>\n",
       "      <th>3</th>\n",
       "      <td>4.7</td>\n",
       "      <td>3.2</td>\n",
       "      <td>1.3</td>\n",
       "      <td>0.2</td>\n",
       "      <td>setosa</td>\n",
       "    </tr>\n",
       "    <tr>\n",
       "      <th>4</th>\n",
       "      <td>4.6</td>\n",
       "      <td>3.1</td>\n",
       "      <td>1.5</td>\n",
       "      <td>0.2</td>\n",
       "      <td>setosa</td>\n",
       "    </tr>\n",
       "    <tr>\n",
       "      <th>5</th>\n",
       "      <td>5.0</td>\n",
       "      <td>3.6</td>\n",
       "      <td>1.4</td>\n",
       "      <td>0.2</td>\n",
       "      <td>setosa</td>\n",
       "    </tr>\n",
       "  </tbody>\n",
       "</table>\n",
       "</div>"
      ],
      "text/plain": [
       "   Sepal.Length  Sepal.Width  Petal.Length  Petal.Width Species\n",
       "1           5.1          3.5           1.4          0.2  setosa\n",
       "2           4.9          3.0           1.4          0.2  setosa\n",
       "3           4.7          3.2           1.3          0.2  setosa\n",
       "4           4.6          3.1           1.5          0.2  setosa\n",
       "5           5.0          3.6           1.4          0.2  setosa"
      ]
     },
     "execution_count": 2,
     "metadata": {},
     "output_type": "execute_result"
    }
   ],
   "source": [
    "df = data('iris')\n",
    "df.head()"
   ]
  },
  {
   "cell_type": "code",
   "execution_count": 3,
   "metadata": {},
   "outputs": [],
   "source": [
    "x = df[['Sepal.Length', 'Sepal.Width', 'Petal.Length', 'Petal.Width']]\n",
    "y = df[['Species']]"
   ]
  },
  {
   "cell_type": "code",
   "execution_count": 4,
   "metadata": {},
   "outputs": [
    {
     "data": {
      "text/html": [
       "<div>\n",
       "<style scoped>\n",
       "    .dataframe tbody tr th:only-of-type {\n",
       "        vertical-align: middle;\n",
       "    }\n",
       "\n",
       "    .dataframe tbody tr th {\n",
       "        vertical-align: top;\n",
       "    }\n",
       "\n",
       "    .dataframe thead th {\n",
       "        text-align: right;\n",
       "    }\n",
       "</style>\n",
       "<table border=\"1\" class=\"dataframe\">\n",
       "  <thead>\n",
       "    <tr style=\"text-align: right;\">\n",
       "      <th></th>\n",
       "      <th>Sepal.Length</th>\n",
       "      <th>Sepal.Width</th>\n",
       "      <th>Petal.Length</th>\n",
       "      <th>Petal.Width</th>\n",
       "    </tr>\n",
       "  </thead>\n",
       "  <tbody>\n",
       "    <tr>\n",
       "      <th>115</th>\n",
       "      <td>5.8</td>\n",
       "      <td>2.8</td>\n",
       "      <td>5.1</td>\n",
       "      <td>2.4</td>\n",
       "    </tr>\n",
       "    <tr>\n",
       "      <th>137</th>\n",
       "      <td>6.3</td>\n",
       "      <td>3.4</td>\n",
       "      <td>5.6</td>\n",
       "      <td>2.4</td>\n",
       "    </tr>\n",
       "    <tr>\n",
       "      <th>54</th>\n",
       "      <td>5.5</td>\n",
       "      <td>2.3</td>\n",
       "      <td>4.0</td>\n",
       "      <td>1.3</td>\n",
       "    </tr>\n",
       "    <tr>\n",
       "      <th>20</th>\n",
       "      <td>5.1</td>\n",
       "      <td>3.8</td>\n",
       "      <td>1.5</td>\n",
       "      <td>0.3</td>\n",
       "    </tr>\n",
       "    <tr>\n",
       "      <th>39</th>\n",
       "      <td>4.4</td>\n",
       "      <td>3.0</td>\n",
       "      <td>1.3</td>\n",
       "      <td>0.2</td>\n",
       "    </tr>\n",
       "  </tbody>\n",
       "</table>\n",
       "</div>"
      ],
      "text/plain": [
       "     Sepal.Length  Sepal.Width  Petal.Length  Petal.Width\n",
       "115           5.8          2.8           5.1          2.4\n",
       "137           6.3          3.4           5.6          2.4\n",
       "54            5.5          2.3           4.0          1.3\n",
       "20            5.1          3.8           1.5          0.3\n",
       "39            4.4          3.0           1.3          0.2"
      ]
     },
     "execution_count": 4,
     "metadata": {},
     "output_type": "execute_result"
    }
   ],
   "source": [
    "x_train, x_test, y_train, y_test = train_test_split(x, y, train_size=.7, random_state=123)\n",
    "x_train.head()"
   ]
  },
  {
   "cell_type": "markdown",
   "metadata": {},
   "source": [
    "### Logistic Regression"
   ]
  },
  {
   "cell_type": "markdown",
   "metadata": {},
   "source": [
    "1. Fit the logistic regression classifier to your training sample and transform, i.e. make predictions on the training sample"
   ]
  },
  {
   "cell_type": "code",
   "execution_count": 5,
   "metadata": {},
   "outputs": [
    {
     "data": {
      "text/plain": [
       "LogisticRegression(C=1.0, class_weight=None, dual=False, fit_intercept=True,\n",
       "                   intercept_scaling=1, l1_ratio=None, max_iter=100,\n",
       "                   multi_class='warn', n_jobs=None, penalty='l2',\n",
       "                   random_state=123, solver='warn', tol=0.0001, verbose=0,\n",
       "                   warm_start=False)"
      ]
     },
     "execution_count": 5,
     "metadata": {},
     "output_type": "execute_result"
    }
   ],
   "source": [
    "# Create the object\n",
    "logit = LogisticRegression(random_state=123)\n",
    "# Fit the object to the training data\n",
    "logit.fit(x_train, y_train)"
   ]
  },
  {
   "cell_type": "markdown",
   "metadata": {},
   "source": [
    "2. Evaluate your in-sample results using the model score, confusion matrix, and classification report."
   ]
  },
  {
   "cell_type": "code",
   "execution_count": 6,
   "metadata": {},
   "outputs": [
    {
     "name": "stdout",
     "output_type": "stream",
     "text": [
      "Coefficient: [[ 0.38421538  1.32718255 -2.11307588 -0.94269552]\n",
      " [ 0.43099717 -1.34596217  0.4506587  -1.07117492]\n",
      " [-1.517952   -1.52141607  2.26046444  2.12613123]]\n",
      "Intercept: [ 0.25726194  0.58107381 -0.87235291]\n"
     ]
    }
   ],
   "source": [
    "print('Coefficient:', logit.coef_)\n",
    "print('Intercept:', logit.intercept_)"
   ]
  },
  {
   "cell_type": "markdown",
   "metadata": {},
   "source": [
    "Estimate which species it is."
   ]
  },
  {
   "cell_type": "code",
   "execution_count": 7,
   "metadata": {},
   "outputs": [
    {
     "data": {
      "text/plain": [
       "array(['virginica', 'virginica', 'versicolor', 'setosa', 'setosa',\n",
       "       'virginica', 'setosa', 'setosa', 'versicolor', 'versicolor',\n",
       "       'versicolor', 'versicolor', 'virginica', 'versicolor', 'virginica',\n",
       "       'setosa', 'virginica', 'versicolor', 'setosa', 'setosa',\n",
       "       'virginica', 'versicolor', 'virginica', 'virginica', 'setosa',\n",
       "       'versicolor', 'versicolor', 'virginica', 'setosa', 'versicolor',\n",
       "       'versicolor', 'versicolor', 'setosa', 'virginica', 'virginica',\n",
       "       'setosa', 'setosa', 'versicolor', 'versicolor', 'virginica',\n",
       "       'setosa', 'setosa', 'versicolor', 'setosa', 'virginica',\n",
       "       'virginica', 'setosa', 'virginica', 'setosa', 'setosa',\n",
       "       'versicolor', 'setosa', 'setosa', 'versicolor', 'virginica',\n",
       "       'versicolor', 'versicolor', 'versicolor', 'setosa', 'setosa',\n",
       "       'versicolor', 'virginica', 'setosa', 'setosa', 'versicolor',\n",
       "       'versicolor', 'versicolor', 'virginica', 'versicolor',\n",
       "       'versicolor', 'versicolor', 'virginica', 'setosa', 'setosa',\n",
       "       'versicolor', 'virginica', 'virginica', 'virginica', 'virginica',\n",
       "       'setosa', 'virginica', 'setosa', 'versicolor', 'versicolor',\n",
       "       'setosa', 'versicolor', 'virginica', 'versicolor', 'virginica',\n",
       "       'virginica', 'setosa', 'versicolor', 'setosa', 'virginica',\n",
       "       'virginica', 'versicolor', 'versicolor', 'virginica', 'virginica',\n",
       "       'virginica', 'setosa', 'versicolor', 'virginica', 'virginica',\n",
       "       'virginica'], dtype=object)"
      ]
     },
     "execution_count": 7,
     "metadata": {},
     "output_type": "execute_result"
    }
   ],
   "source": [
    "y_pred = logit.predict(x_train)\n",
    "y_pred"
   ]
  },
  {
   "cell_type": "markdown",
   "metadata": {},
   "source": [
    "Estimate probability it is a species."
   ]
  },
  {
   "cell_type": "code",
   "execution_count": 8,
   "metadata": {},
   "outputs": [
    {
     "data": {
      "text/plain": [
       "array([[8.82438477e-04, 2.27909291e-01, 7.71208271e-01],\n",
       "       [9.04840755e-04, 1.89452140e-01, 8.09643019e-01],\n",
       "       [1.61592108e-02, 6.53564224e-01, 3.30276565e-01],\n",
       "       [8.89718868e-01, 1.10252519e-01, 2.86122251e-05],\n",
       "       [8.02996773e-01, 1.96869865e-01, 1.33362269e-04],\n",
       "       [4.01764007e-03, 3.66910909e-01, 6.29071451e-01],\n",
       "       [8.27624301e-01, 1.72231115e-01, 1.44583818e-04],\n",
       "       [7.68419373e-01, 2.31515414e-01, 6.52132008e-05],\n",
       "       [2.05897310e-02, 7.67212016e-01, 2.12198253e-01],\n",
       "       [1.73946587e-02, 6.62952984e-01, 3.19652358e-01],\n",
       "       [2.43782930e-02, 6.69593647e-01, 3.06028060e-01],\n",
       "       [1.28790640e-01, 8.21403635e-01, 4.98057249e-02],\n",
       "       [1.16916979e-03, 3.32890868e-01, 6.65939962e-01],\n",
       "       [4.72232958e-02, 8.47334030e-01, 1.05442674e-01],\n",
       "       [1.54834217e-03, 2.44290941e-01, 7.54160717e-01],\n",
       "       [6.75565848e-01, 3.24060721e-01, 3.73431196e-04],\n",
       "       [9.74637491e-04, 3.03672885e-01, 6.95352477e-01],\n",
       "       [4.98965898e-02, 7.39623700e-01, 2.10479710e-01],\n",
       "       [8.86767680e-01, 1.13191023e-01, 4.12962376e-05],\n",
       "       [8.30498860e-01, 1.69420754e-01, 8.03863753e-05],\n",
       "       [6.79927776e-04, 3.72309233e-01, 6.27010839e-01],\n",
       "       [3.88607341e-02, 8.35067436e-01, 1.26071830e-01],\n",
       "       [6.64293867e-05, 4.40794444e-01, 5.59139127e-01],\n",
       "       [2.42935056e-05, 4.29856399e-01, 5.70119307e-01],\n",
       "       [8.79754570e-01, 1.20156077e-01, 8.93532914e-05],\n",
       "       [3.78003779e-02, 7.40736297e-01, 2.21463325e-01],\n",
       "       [5.54885193e-02, 8.24164276e-01, 1.20347204e-01],\n",
       "       [2.33469289e-03, 3.35896460e-01, 6.61768848e-01],\n",
       "       [7.62854176e-01, 2.37075971e-01, 6.98528324e-05],\n",
       "       [9.89768470e-04, 5.40785723e-01, 4.58224509e-01],\n",
       "       [2.33686955e-02, 6.11080233e-01, 3.65551072e-01],\n",
       "       [3.07071965e-02, 8.62348260e-01, 1.06944544e-01],\n",
       "       [7.49312041e-01, 2.50587001e-01, 1.00957868e-04],\n",
       "       [4.55042603e-04, 3.37018030e-01, 6.62526928e-01],\n",
       "       [1.33746445e-03, 4.16566039e-01, 5.82096496e-01],\n",
       "       [8.78732158e-01, 1.21140582e-01, 1.27259682e-04],\n",
       "       [7.70507480e-01, 2.29417344e-01, 7.51757027e-05],\n",
       "       [5.92105962e-02, 8.17155249e-01, 1.23634154e-01],\n",
       "       [1.28849985e-02, 7.16936953e-01, 2.70178049e-01],\n",
       "       [2.82268638e-04, 2.02606657e-01, 7.97111074e-01],\n",
       "       [8.90894780e-01, 1.09102270e-01, 2.95023426e-06],\n",
       "       [8.62160956e-01, 1.37750968e-01, 8.80764247e-05],\n",
       "       [4.04074210e-02, 7.85138504e-01, 1.74454075e-01],\n",
       "       [8.43966869e-01, 1.55940380e-01, 9.27504674e-05],\n",
       "       [8.00946374e-03, 3.57747247e-01, 6.34243289e-01],\n",
       "       [1.64310947e-03, 3.77206548e-01, 6.21150343e-01],\n",
       "       [7.78298724e-01, 2.21579731e-01, 1.21545476e-04],\n",
       "       [2.58674713e-04, 4.35765626e-01, 5.63975699e-01],\n",
       "       [9.36867003e-01, 6.31270596e-02, 5.93714534e-06],\n",
       "       [8.56194741e-01, 1.43787774e-01, 1.74850905e-05],\n",
       "       [5.84510248e-03, 5.79012152e-01, 4.15142746e-01],\n",
       "       [8.96205730e-01, 1.03772715e-01, 2.15548349e-05],\n",
       "       [8.54661274e-01, 1.45322344e-01, 1.63819837e-05],\n",
       "       [1.99344859e-02, 8.22846690e-01, 1.57218824e-01],\n",
       "       [1.99689008e-04, 4.44077958e-01, 5.55722353e-01],\n",
       "       [3.73155630e-02, 8.31792064e-01, 1.30892373e-01],\n",
       "       [1.53757660e-01, 7.31134053e-01, 1.15108287e-01],\n",
       "       [4.00234204e-02, 7.92193038e-01, 1.67783541e-01],\n",
       "       [7.96093661e-01, 2.03773111e-01, 1.33227874e-04],\n",
       "       [8.64596315e-01, 1.35371173e-01, 3.25122963e-05],\n",
       "       [9.80023185e-03, 7.77559523e-01, 2.12640246e-01],\n",
       "       [5.48426134e-04, 4.50187312e-01, 5.49264262e-01],\n",
       "       [7.81108300e-01, 2.18809319e-01, 8.23809927e-05],\n",
       "       [8.33869019e-01, 1.66101387e-01, 2.95948348e-05],\n",
       "       [2.28138035e-02, 6.56330402e-01, 3.20855795e-01],\n",
       "       [4.32028187e-02, 5.68852498e-01, 3.87944684e-01],\n",
       "       [3.60044747e-02, 7.97818184e-01, 1.66177342e-01],\n",
       "       [4.22711344e-04, 3.77187972e-01, 6.22389317e-01],\n",
       "       [1.33207024e-02, 7.66828121e-01, 2.19851177e-01],\n",
       "       [3.81885091e-02, 7.88669432e-01, 1.73142059e-01],\n",
       "       [3.90379077e-02, 7.15909273e-01, 2.45052819e-01],\n",
       "       [1.00452112e-04, 4.08043851e-01, 5.91855697e-01],\n",
       "       [8.27473540e-01, 1.72479834e-01, 4.66256511e-05],\n",
       "       [8.58983492e-01, 1.40997330e-01, 1.91788389e-05],\n",
       "       [4.24895862e-02, 6.64760424e-01, 2.92749990e-01],\n",
       "       [7.34734440e-04, 2.93501189e-01, 7.05764077e-01],\n",
       "       [1.31656643e-03, 3.72582843e-01, 6.26100591e-01],\n",
       "       [6.77283439e-04, 4.44211541e-01, 5.55111176e-01],\n",
       "       [2.03536652e-03, 3.66559513e-01, 6.31405120e-01],\n",
       "       [8.22721743e-01, 1.77238480e-01, 3.97776073e-05],\n",
       "       [1.27692388e-02, 4.27335917e-01, 5.59894845e-01],\n",
       "       [8.21949780e-01, 1.77987317e-01, 6.29029742e-05],\n",
       "       [4.23373004e-02, 8.31995342e-01, 1.25667357e-01],\n",
       "       [1.30288611e-02, 6.05691212e-01, 3.81279927e-01],\n",
       "       [8.17517130e-01, 1.82440198e-01, 4.26717024e-05],\n",
       "       [4.20421316e-03, 6.05265218e-01, 3.90530569e-01],\n",
       "       [6.52255442e-04, 2.66649337e-01, 7.32698408e-01],\n",
       "       [1.56148583e-02, 6.06453759e-01, 3.77931383e-01],\n",
       "       [6.56176037e-04, 2.20424118e-01, 7.78919706e-01],\n",
       "       [9.50110669e-04, 3.94092969e-01, 6.04956920e-01],\n",
       "       [9.02733598e-01, 9.72561772e-02, 1.02244709e-05],\n",
       "       [1.06975848e-02, 7.05450285e-01, 2.83852130e-01],\n",
       "       [8.20325129e-01, 1.79582412e-01, 9.24593299e-05],\n",
       "       [1.54587116e-03, 1.96600930e-01, 8.01853199e-01],\n",
       "       [9.23928606e-04, 3.30488278e-01, 6.68587794e-01],\n",
       "       [3.70117692e-02, 6.95887618e-01, 2.67100613e-01],\n",
       "       [1.11681041e-01, 7.52173172e-01, 1.36145787e-01],\n",
       "       [2.82968017e-03, 4.50587880e-01, 5.46582439e-01],\n",
       "       [2.83685018e-03, 3.13350163e-01, 6.83812987e-01],\n",
       "       [1.74925111e-03, 4.30197419e-01, 5.68053330e-01],\n",
       "       [8.55165643e-01, 1.44799577e-01, 3.47801197e-05],\n",
       "       [2.39731820e-01, 6.97805511e-01, 6.24626692e-02],\n",
       "       [1.47804120e-02, 4.85269041e-01, 4.99950547e-01],\n",
       "       [4.27240634e-03, 4.44651406e-01, 5.51076188e-01],\n",
       "       [5.24517344e-04, 2.25969521e-01, 7.73505961e-01]])"
      ]
     },
     "execution_count": 8,
     "metadata": {},
     "output_type": "execute_result"
    }
   ],
   "source": [
    "y_pred_proba = logit.predict_proba(x_train)\n",
    "y_pred_proba"
   ]
  },
  {
   "cell_type": "markdown",
   "metadata": {},
   "source": [
    "Model Score:"
   ]
  },
  {
   "cell_type": "code",
   "execution_count": 9,
   "metadata": {},
   "outputs": [
    {
     "data": {
      "text/plain": [
       "'0.9523809523809523'"
      ]
     },
     "execution_count": 9,
     "metadata": {},
     "output_type": "execute_result"
    }
   ],
   "source": [
    "format(logit.score(x_train, y_train))"
   ]
  },
  {
   "cell_type": "markdown",
   "metadata": {},
   "source": [
    "Confusion Matrix:"
   ]
  },
  {
   "cell_type": "code",
   "execution_count": 10,
   "metadata": {},
   "outputs": [
    {
     "name": "stdout",
     "output_type": "stream",
     "text": [
      "[[32  0  0]\n",
      " [ 0 36  4]\n",
      " [ 0  1 32]]\n"
     ]
    }
   ],
   "source": [
    "print(confusion_matrix(y_train, y_pred))"
   ]
  },
  {
   "cell_type": "markdown",
   "metadata": {},
   "source": [
    "Classification Report:"
   ]
  },
  {
   "cell_type": "code",
   "execution_count": 11,
   "metadata": {},
   "outputs": [
    {
     "name": "stdout",
     "output_type": "stream",
     "text": [
      "              precision    recall  f1-score   support\n",
      "\n",
      "      setosa       1.00      1.00      1.00        32\n",
      "  versicolor       0.97      0.90      0.94        40\n",
      "   virginica       0.89      0.97      0.93        33\n",
      "\n",
      "    accuracy                           0.95       105\n",
      "   macro avg       0.95      0.96      0.95       105\n",
      "weighted avg       0.95      0.95      0.95       105\n",
      "\n"
     ]
    }
   ],
   "source": [
    "print(classification_report(y_train, y_pred))"
   ]
  },
  {
   "cell_type": "markdown",
   "metadata": {},
   "source": [
    "3. Print and clearly label the following: Accuracy, true positive rate, false positive rate, true negative rate, false negative rate, precision, recall, f1-score, and support."
   ]
  },
  {
   "cell_type": "code",
   "execution_count": 12,
   "metadata": {},
   "outputs": [
    {
     "data": {
      "text/html": [
       "<div>\n",
       "<style scoped>\n",
       "    .dataframe tbody tr th:only-of-type {\n",
       "        vertical-align: middle;\n",
       "    }\n",
       "\n",
       "    .dataframe tbody tr th {\n",
       "        vertical-align: top;\n",
       "    }\n",
       "\n",
       "    .dataframe thead th {\n",
       "        text-align: right;\n",
       "    }\n",
       "</style>\n",
       "<table border=\"1\" class=\"dataframe\">\n",
       "  <thead>\n",
       "    <tr style=\"text-align: right;\">\n",
       "      <th></th>\n",
       "      <th>setosa</th>\n",
       "      <th>versicolor</th>\n",
       "      <th>virginica</th>\n",
       "    </tr>\n",
       "  </thead>\n",
       "  <tbody>\n",
       "    <tr>\n",
       "      <th>setosa</th>\n",
       "      <td>32</td>\n",
       "      <td>0</td>\n",
       "      <td>0</td>\n",
       "    </tr>\n",
       "    <tr>\n",
       "      <th>versicolor</th>\n",
       "      <td>0</td>\n",
       "      <td>36</td>\n",
       "      <td>4</td>\n",
       "    </tr>\n",
       "    <tr>\n",
       "      <th>virginica</th>\n",
       "      <td>0</td>\n",
       "      <td>1</td>\n",
       "      <td>32</td>\n",
       "    </tr>\n",
       "  </tbody>\n",
       "</table>\n",
       "</div>"
      ],
      "text/plain": [
       "            setosa  versicolor  virginica\n",
       "setosa          32           0          0\n",
       "versicolor       0          36          4\n",
       "virginica        0           1         32"
      ]
     },
     "execution_count": 12,
     "metadata": {},
     "output_type": "execute_result"
    }
   ],
   "source": [
    "sorted(y_train.Species.unique())\n",
    "labels = sorted(y_train.Species.unique())\n",
    "pd.DataFrame(confusion_matrix(y_train, y_pred), index=labels, columns=labels)"
   ]
  },
  {
   "cell_type": "markdown",
   "metadata": {},
   "source": [
    "**Establish my true positive, false positive, true negative, false negative, precision, f1-score and support.**"
   ]
  },
  {
   "cell_type": "code",
   "execution_count": 55,
   "metadata": {},
   "outputs": [],
   "source": [
    "cm = confusion_matrix(y_train, y_pred)\n",
    "cm\n",
    "\n",
    "# axis sums the column then take the diag out of it, everything other than that diag is a fp\n",
    "# same applies to fn \n",
    "FP = cm.sum(axis=0) - np.diag(cm)\n",
    "FN = cm.sum(axis=1) - np.diag(cm)\n",
    "TP = np.diag(cm)\n",
    "TN = cm.sum() - (FP + FN + TP)\n",
    "\n",
    "# Sensitivity, hit rate, recall, or true positive rate\n",
    "TPR = TP/(TP+FN)\n",
    "# Specificity or true negative rate\n",
    "TNR = TN/(TN+FP) \n",
    "# Precision or positive predictive value\n",
    "PPV = TP/(TP+FP)\n",
    "# Negative predictive value\n",
    "NPV = TN/(TN+FN)\n",
    "# Fall out or false positive rate\n",
    "FPR = FP/(FP+TN)\n",
    "# False negative rate\n",
    "FNR = FN/(TP+FN)\n",
    "# False discovery rate\n",
    "FDR = FP/(TP+FP)\n",
    "\n",
    "# Overall accuracy\n",
    "ACC = (TP+TN)/(TP+FP+FN+TN)"
   ]
  },
  {
   "cell_type": "markdown",
   "metadata": {},
   "source": [
    "4. Look in the scikit-learn documentation to research the solver parameter. What is your best option(s) for the particular problem you are trying to solve and the data to be used?"
   ]
  },
  {
   "cell_type": "markdown",
   "metadata": {},
   "source": [
    "**The default for the 'solver' parameter is 'liblinear'. It is better for smaller datasets, whereas 'sag' and 'saga' are better for larger datasets.**"
   ]
  },
  {
   "cell_type": "markdown",
   "metadata": {},
   "source": [
    "5. Run through steps 2-4 using another solver (from question 5)"
   ]
  },
  {
   "cell_type": "code",
   "execution_count": 13,
   "metadata": {},
   "outputs": [
    {
     "data": {
      "text/plain": [
       "LogisticRegression(C=1.0, class_weight=None, dual=False, fit_intercept=True,\n",
       "                   intercept_scaling=1, l1_ratio=None, max_iter=100,\n",
       "                   multi_class='warn', n_jobs=None, penalty='l2',\n",
       "                   random_state=123, solver='saga', tol=0.0001, verbose=0,\n",
       "                   warm_start=False)"
      ]
     },
     "execution_count": 13,
     "metadata": {},
     "output_type": "execute_result"
    }
   ],
   "source": [
    "# Create the object\n",
    "logit = LogisticRegression(solver='saga', random_state=123)\n",
    "# Fit the object to the training data\n",
    "logit.fit(x_train, y_train)"
   ]
  },
  {
   "cell_type": "code",
   "execution_count": 14,
   "metadata": {},
   "outputs": [
    {
     "name": "stdout",
     "output_type": "stream",
     "text": [
      "Coefficient: [[ 0.3389176   1.28789683 -2.11394313 -0.94719182]\n",
      " [ 0.39414558 -1.38109062  0.44038036 -1.02856616]\n",
      " [-1.4275007  -1.42459066  2.29209122  2.06589358]]\n",
      "Intercept: [ 0.63153571  0.89381264 -1.78105991]\n"
     ]
    }
   ],
   "source": [
    "print('Coefficient:', logit.coef_)\n",
    "print('Intercept:', logit.intercept_)"
   ]
  },
  {
   "cell_type": "code",
   "execution_count": 15,
   "metadata": {},
   "outputs": [
    {
     "data": {
      "text/plain": [
       "array(['virginica', 'virginica', 'versicolor', 'setosa', 'setosa',\n",
       "       'virginica', 'setosa', 'setosa', 'versicolor', 'versicolor',\n",
       "       'versicolor', 'versicolor', 'virginica', 'versicolor', 'virginica',\n",
       "       'setosa', 'virginica', 'versicolor', 'setosa', 'setosa',\n",
       "       'virginica', 'versicolor', 'virginica', 'virginica', 'setosa',\n",
       "       'versicolor', 'versicolor', 'virginica', 'setosa', 'versicolor',\n",
       "       'versicolor', 'versicolor', 'setosa', 'virginica', 'virginica',\n",
       "       'setosa', 'setosa', 'versicolor', 'versicolor', 'virginica',\n",
       "       'setosa', 'setosa', 'versicolor', 'setosa', 'virginica',\n",
       "       'virginica', 'setosa', 'virginica', 'setosa', 'setosa',\n",
       "       'versicolor', 'setosa', 'setosa', 'versicolor', 'virginica',\n",
       "       'versicolor', 'versicolor', 'versicolor', 'setosa', 'setosa',\n",
       "       'versicolor', 'virginica', 'setosa', 'setosa', 'versicolor',\n",
       "       'versicolor', 'versicolor', 'virginica', 'versicolor',\n",
       "       'versicolor', 'versicolor', 'virginica', 'setosa', 'setosa',\n",
       "       'versicolor', 'virginica', 'virginica', 'virginica', 'virginica',\n",
       "       'setosa', 'virginica', 'setosa', 'versicolor', 'versicolor',\n",
       "       'setosa', 'versicolor', 'virginica', 'versicolor', 'virginica',\n",
       "       'virginica', 'setosa', 'versicolor', 'setosa', 'virginica',\n",
       "       'virginica', 'versicolor', 'versicolor', 'virginica', 'virginica',\n",
       "       'virginica', 'setosa', 'versicolor', 'versicolor', 'virginica',\n",
       "       'virginica'], dtype=object)"
      ]
     },
     "execution_count": 15,
     "metadata": {},
     "output_type": "execute_result"
    }
   ],
   "source": [
    "y_pred = logit.predict(x_train)\n",
    "y_pred"
   ]
  },
  {
   "cell_type": "code",
   "execution_count": 16,
   "metadata": {},
   "outputs": [
    {
     "data": {
      "text/plain": [
       "array([[8.67435478e-04, 2.35498121e-01, 7.63634443e-01],\n",
       "       [8.49600933e-04, 1.89809203e-01, 8.09341196e-01],\n",
       "       [1.68970084e-02, 6.79014303e-01, 3.04088689e-01],\n",
       "       [8.90674998e-01, 1.09297754e-01, 2.72485150e-05],\n",
       "       [7.98513598e-01, 2.01377139e-01, 1.09263285e-04],\n",
       "       [3.76174403e-03, 3.62859457e-01, 6.33378799e-01],\n",
       "       [8.26275367e-01, 1.73594665e-01, 1.29967566e-04],\n",
       "       [7.67130626e-01, 2.32811936e-01, 5.74384239e-05],\n",
       "       [1.94116097e-02, 7.57332196e-01, 2.23256195e-01],\n",
       "       [1.69466971e-02, 6.63546313e-01, 3.19506990e-01],\n",
       "       [2.51800794e-02, 6.92193366e-01, 2.82626554e-01],\n",
       "       [1.29063863e-01, 8.25508228e-01, 4.54279085e-02],\n",
       "       [1.16188682e-03, 3.39547548e-01, 6.59290565e-01],\n",
       "       [4.49767463e-02, 8.43034019e-01, 1.11989235e-01],\n",
       "       [1.45979119e-03, 2.45077195e-01, 7.53463014e-01],\n",
       "       [6.69370908e-01, 3.30345134e-01, 2.83958352e-04],\n",
       "       [8.99995318e-04, 2.97905501e-01, 7.01194504e-01],\n",
       "       [4.96681113e-02, 7.46365392e-01, 2.03966497e-01],\n",
       "       [8.87067939e-01, 1.12893376e-01, 3.86848428e-05],\n",
       "       [8.29675679e-01, 1.70252214e-01, 7.21061115e-05],\n",
       "       [6.54185501e-04, 3.71663384e-01, 6.27682430e-01],\n",
       "       [3.76377995e-02, 8.34476483e-01, 1.27885717e-01],\n",
       "       [6.01951797e-05, 4.34801438e-01, 5.65138367e-01],\n",
       "       [2.21983607e-05, 4.27072581e-01, 5.72905221e-01],\n",
       "       [8.80729990e-01, 1.19184319e-01, 8.56910979e-05],\n",
       "       [3.60582387e-02, 7.35210539e-01, 2.28731223e-01],\n",
       "       [5.67947129e-02, 8.35531069e-01, 1.07674218e-01],\n",
       "       [2.28748543e-03, 3.39895162e-01, 6.57817352e-01],\n",
       "       [7.60579581e-01, 2.39360324e-01, 6.00943804e-05],\n",
       "       [8.98129855e-04, 5.22863023e-01, 4.76238847e-01],\n",
       "       [2.21483061e-02, 6.03332689e-01, 3.74519005e-01],\n",
       "       [2.87817050e-02, 8.52393643e-01, 1.18824652e-01],\n",
       "       [7.47717289e-01, 2.52194188e-01, 8.85232443e-05],\n",
       "       [4.36638996e-04, 3.38449039e-01, 6.61114322e-01],\n",
       "       [1.31280010e-03, 4.22358270e-01, 5.76328930e-01],\n",
       "       [8.77417200e-01, 1.22468215e-01, 1.14584755e-04],\n",
       "       [7.68138567e-01, 2.31796561e-01, 6.48725262e-05],\n",
       "       [5.82202563e-02, 8.21952166e-01, 1.19827577e-01],\n",
       "       [1.24013014e-02, 7.15618027e-01, 2.71980671e-01],\n",
       "       [2.66069262e-04, 2.03667511e-01, 7.96066420e-01],\n",
       "       [8.94686017e-01, 1.05310932e-01, 3.05125064e-06],\n",
       "       [8.60057414e-01, 1.39866070e-01, 7.65166432e-05],\n",
       "       [4.15457028e-02, 8.01275145e-01, 1.57179152e-01],\n",
       "       [8.42999407e-01, 1.56916873e-01, 8.37205765e-05],\n",
       "       [7.80253468e-03, 3.62056713e-01, 6.30140752e-01],\n",
       "       [1.51203948e-03, 3.70077668e-01, 6.28410292e-01],\n",
       "       [7.76269557e-01, 2.23624835e-01, 1.05607831e-04],\n",
       "       [2.48345305e-04, 4.35006707e-01, 5.64744948e-01],\n",
       "       [9.39558172e-01, 6.04355260e-02, 6.30203802e-06],\n",
       "       [8.59705594e-01, 1.40276647e-01, 1.77590873e-05],\n",
       "       [5.47815926e-03, 5.69835636e-01, 4.24686204e-01],\n",
       "       [8.94990238e-01, 1.04990760e-01, 1.90015187e-05],\n",
       "       [8.56999512e-01, 1.42984487e-01, 1.60010609e-05],\n",
       "       [1.90940077e-02, 8.17742839e-01, 1.63163154e-01],\n",
       "       [1.83005281e-04, 4.35896597e-01, 5.63920397e-01],\n",
       "       [3.56976419e-02, 8.28296962e-01, 1.36005396e-01],\n",
       "       [1.53153590e-01, 7.40935971e-01, 1.05910439e-01],\n",
       "       [4.07841185e-02, 8.05314173e-01, 1.53901709e-01],\n",
       "       [7.93116449e-01, 2.06770385e-01, 1.13166287e-04],\n",
       "       [8.64127545e-01, 1.35842896e-01, 2.95590510e-05],\n",
       "       [9.29121093e-03, 7.69854327e-01, 2.20854462e-01],\n",
       "       [5.40843139e-04, 4.50629054e-01, 5.48830103e-01],\n",
       "       [7.79310030e-01, 2.20617899e-01, 7.20712000e-05],\n",
       "       [8.34840913e-01, 1.65131296e-01, 2.77910926e-05],\n",
       "       [2.32156204e-02, 6.73027501e-01, 3.03756879e-01],\n",
       "       [4.15051836e-02, 5.67087930e-01, 3.91406886e-01],\n",
       "       [3.51407151e-02, 7.99236635e-01, 1.65622650e-01],\n",
       "       [3.88833107e-04, 3.70995220e-01, 6.28615947e-01],\n",
       "       [1.24093444e-02, 7.52274529e-01, 2.35316126e-01],\n",
       "       [3.83992996e-02, 7.99265591e-01, 1.62335109e-01],\n",
       "       [3.91998572e-02, 7.28431486e-01, 2.32368657e-01],\n",
       "       [9.06922091e-05, 4.00652771e-01, 5.99256536e-01],\n",
       "       [8.27290758e-01, 1.72666735e-01, 4.25071157e-05],\n",
       "       [8.60918518e-01, 1.39062928e-01, 1.85537382e-05],\n",
       "       [4.18897979e-02, 6.73788417e-01, 2.84321785e-01],\n",
       "       [6.75280428e-04, 2.89209554e-01, 7.10115165e-01],\n",
       "       [1.24759922e-03, 3.68739066e-01, 6.30013335e-01],\n",
       "       [6.10314040e-04, 4.28205470e-01, 5.71184216e-01],\n",
       "       [1.92823763e-03, 3.65494988e-01, 6.32576774e-01],\n",
       "       [8.22937809e-01, 1.77025574e-01, 3.66171383e-05],\n",
       "       [1.30063150e-02, 4.42381167e-01, 5.44612518e-01],\n",
       "       [8.19532593e-01, 1.80413195e-01, 5.42110932e-05],\n",
       "       [4.24176981e-02, 8.37380688e-01, 1.20201614e-01],\n",
       "       [1.31270611e-02, 6.16799256e-01, 3.70073683e-01],\n",
       "       [8.16813766e-01, 1.83147857e-01, 3.83776565e-05],\n",
       "       [4.24579302e-03, 6.18424250e-01, 3.77329957e-01],\n",
       "       [6.08498804e-04, 2.66189752e-01, 7.33201749e-01],\n",
       "       [1.53838462e-02, 6.13301220e-01, 3.71314934e-01],\n",
       "       [6.06731744e-04, 2.19333794e-01, 7.80059474e-01],\n",
       "       [9.17931218e-04, 3.95859331e-01, 6.03222738e-01],\n",
       "       [9.05354135e-01, 9.46356074e-02, 1.02575014e-05],\n",
       "       [1.05203247e-02, 7.06393078e-01, 2.83086598e-01],\n",
       "       [8.17655903e-01, 1.82264943e-01, 7.91536606e-05],\n",
       "       [1.45891283e-03, 1.97191168e-01, 8.01349919e-01],\n",
       "       [9.27002260e-04, 3.39012729e-01, 6.60060268e-01],\n",
       "       [3.70307002e-02, 7.06663111e-01, 2.56306189e-01],\n",
       "       [1.16340298e-01, 7.69988437e-01, 1.13671265e-01],\n",
       "       [2.75933263e-03, 4.55315748e-01, 5.41924919e-01],\n",
       "       [2.98149132e-03, 3.29433159e-01, 6.67585350e-01],\n",
       "       [1.73039797e-03, 4.34613912e-01, 5.63655691e-01],\n",
       "       [8.55153557e-01, 1.44814414e-01, 3.20289952e-05],\n",
       "       [2.42641732e-01, 7.05763117e-01, 5.15951511e-02],\n",
       "       [1.48610098e-02, 4.97725367e-01, 4.87413623e-01],\n",
       "       [4.17386334e-03, 4.50427864e-01, 5.45398272e-01],\n",
       "       [4.66404117e-04, 2.18385073e-01, 7.81148523e-01]])"
      ]
     },
     "execution_count": 16,
     "metadata": {},
     "output_type": "execute_result"
    }
   ],
   "source": [
    "y_pred_proba = logit.predict_proba(x_train)\n",
    "y_pred_proba"
   ]
  },
  {
   "cell_type": "code",
   "execution_count": 17,
   "metadata": {},
   "outputs": [
    {
     "data": {
      "text/plain": [
       "'0.9619047619047619'"
      ]
     },
     "execution_count": 17,
     "metadata": {},
     "output_type": "execute_result"
    }
   ],
   "source": [
    "format(logit.score(x_train, y_train))"
   ]
  },
  {
   "cell_type": "code",
   "execution_count": 18,
   "metadata": {},
   "outputs": [
    {
     "name": "stdout",
     "output_type": "stream",
     "text": [
      "[[32  0  0]\n",
      " [ 0 37  3]\n",
      " [ 0  1 32]]\n"
     ]
    }
   ],
   "source": [
    "print(confusion_matrix(y_train, y_pred))"
   ]
  },
  {
   "cell_type": "code",
   "execution_count": 19,
   "metadata": {},
   "outputs": [
    {
     "name": "stdout",
     "output_type": "stream",
     "text": [
      "              precision    recall  f1-score   support\n",
      "\n",
      "      setosa       1.00      1.00      1.00        32\n",
      "  versicolor       0.97      0.93      0.95        40\n",
      "   virginica       0.91      0.97      0.94        33\n",
      "\n",
      "    accuracy                           0.96       105\n",
      "   macro avg       0.96      0.96      0.96       105\n",
      "weighted avg       0.96      0.96      0.96       105\n",
      "\n"
     ]
    }
   ],
   "source": [
    "print(classification_report(y_train, y_pred))"
   ]
  },
  {
   "cell_type": "code",
   "execution_count": 20,
   "metadata": {},
   "outputs": [
    {
     "data": {
      "text/html": [
       "<div>\n",
       "<style scoped>\n",
       "    .dataframe tbody tr th:only-of-type {\n",
       "        vertical-align: middle;\n",
       "    }\n",
       "\n",
       "    .dataframe tbody tr th {\n",
       "        vertical-align: top;\n",
       "    }\n",
       "\n",
       "    .dataframe thead th {\n",
       "        text-align: right;\n",
       "    }\n",
       "</style>\n",
       "<table border=\"1\" class=\"dataframe\">\n",
       "  <thead>\n",
       "    <tr style=\"text-align: right;\">\n",
       "      <th></th>\n",
       "      <th>setosa</th>\n",
       "      <th>versicolor</th>\n",
       "      <th>virginica</th>\n",
       "    </tr>\n",
       "  </thead>\n",
       "  <tbody>\n",
       "    <tr>\n",
       "      <th>setosa</th>\n",
       "      <td>32</td>\n",
       "      <td>0</td>\n",
       "      <td>0</td>\n",
       "    </tr>\n",
       "    <tr>\n",
       "      <th>versicolor</th>\n",
       "      <td>0</td>\n",
       "      <td>37</td>\n",
       "      <td>3</td>\n",
       "    </tr>\n",
       "    <tr>\n",
       "      <th>virginica</th>\n",
       "      <td>0</td>\n",
       "      <td>1</td>\n",
       "      <td>32</td>\n",
       "    </tr>\n",
       "  </tbody>\n",
       "</table>\n",
       "</div>"
      ],
      "text/plain": [
       "            setosa  versicolor  virginica\n",
       "setosa          32           0          0\n",
       "versicolor       0          37          3\n",
       "virginica        0           1         32"
      ]
     },
     "execution_count": 20,
     "metadata": {},
     "output_type": "execute_result"
    }
   ],
   "source": [
    "sorted(y_train.Species.unique())\n",
    "labels = sorted(y_train.Species.unique())\n",
    "pd.DataFrame(confusion_matrix(y_train, y_pred), index=labels, columns=labels)"
   ]
  },
  {
   "cell_type": "markdown",
   "metadata": {},
   "source": [
    "**Test the model:**"
   ]
  },
  {
   "cell_type": "code",
   "execution_count": 66,
   "metadata": {},
   "outputs": [
    {
     "name": "stdout",
     "output_type": "stream",
     "text": [
      "Test data model score: 0.9777777777777777\n"
     ]
    }
   ],
   "source": [
    "print('Test data model score:', format(logit.score(x_test, y_test)))"
   ]
  },
  {
   "cell_type": "markdown",
   "metadata": {},
   "source": [
    "6. Which performs better on your in-sample data?"
   ]
  },
  {
   "cell_type": "markdown",
   "metadata": {},
   "source": [
    "**The solver 'saga' performs better with the in-sample data.**"
   ]
  },
  {
   "cell_type": "markdown",
   "metadata": {},
   "source": [
    "### Decision Tree "
   ]
  },
  {
   "cell_type": "markdown",
   "metadata": {},
   "source": [
    "1. Fit the decision tree classifier to your training sample and transform (i.e. make predictions on the training sample)"
   ]
  },
  {
   "cell_type": "code",
   "execution_count": 20,
   "metadata": {},
   "outputs": [
    {
     "data": {
      "text/html": [
       "<div>\n",
       "<style scoped>\n",
       "    .dataframe tbody tr th:only-of-type {\n",
       "        vertical-align: middle;\n",
       "    }\n",
